WU_API_KEY=6ad312b91b304ffa9312b91b301ffa59
LAT=49.219075
LON=19.567464
STATION_ID=IHUTY1
